5.96
17.65
22.25
96.12
66.86
93.22
17.75
11.84
36.89
82.93
10.43
72.24
28.61
52.36
3.71
44.81
44.84
42.58
67.06
25.31
5.8
56.23
40.21
46.88
65.01
84.92
49.15
73.02
29.62
78.25
39.45
69.46
9.82
51.46
98.06
83.58
56.2
39.84
74.84
0.31
10.39
43.27
70.55
98.23
15.97
42.61
40.0
25.54
3.03
52.63
36.57
65.71
44.34
20.61
40.07
82.81
85.01
86.17
78.56
31.71
68.25
99.86
43.14
88.98
4.36
44.87
48.79
11.62
61.88
58.34
59.0
21.72
13.42
47.7
46.52
82.25
31.37
38.07
73.85
53.52
88.66
16.51
47.12
20.55
24.45
66.12
41.12
10.02
35.76
63.1
59.29
51.18
48.75
13.05
10.09
71.34
43.32
47.48
4.16
45.93
20.18
87.45
98.3
82.6
8.6
55.42
53.55
41.01
69.84
70.12
60.76
48.48
50.0
80.55
5.26
39.11
65.36
80.29
54.98
21.16
70.54
84.29
75.12
38.76
92.54
15.56
7.85
48.08
31.33
31.62
72.35
55.41
19.01
42.52
7.9399999999999995
3.88
68.51
16.29
87.21
76.59
75.49
11.98
72.4
98.74
62.88
89.4
46.59
58.03
86.72
85.1
17.79
25.37
76.18
88.29
52.21
6.02
26.6
75.85
32.29
72.07
26.56
22.81
36.87
55.37
36.59
15.08
43.61
42.86
0.06
6.07
99.37
93.97
47.18
85.57
13.34
80.15
94.52
43.2
52.11
45.05
22.95
79.28
14.51
3.25
80.97
58.25
4.1
71.96
16.03
80.05
84.39
66.91
97.21
55.87
20.1
95.96
31.55
22.03
43.67
47.21
93.72
91.26
81.41
13.84
89.51
44.25
77.67
18.81
24.07
1.74
22.71
48.66
24.17
97.74
77.98
2.71
64.69
59.82
81.99
66.96
19.07
22.49
30.13
26.76
84.08
22.86
79.98
47.89
14.81
71.0
43.33
27.21
61.24
97.0
49.81
33.38
93.43
83.41
86.71
48.08
10.16
12.96
15.16
64.59
67.18
85.21
37.17
35.94
13.02
92.54
43.09
7.34
37.56
73.04
71.47
22.44
50.15
79.02
7.54
91.62
74.05
39.41
58.53
67.12
26.81
92.16
36.2
80.75
55.04
79.34
83.56
18.42
58.29
16.9
81.05
46.28
26.15
77.05
62.03
5.99
72.27
30.33
79.01
83.21
70.87
91.76
62.35
69.61
16.27
25.23
2.42
69.2
61.45
64.88
34.93
34.36
51.96
25.39
68.73
16.89
22.07
47.97
51.16
77.65
76.08
23.35
21.43
49.27
80.91
95.62
61.18
79.36
54.7
21.92
77.48
33.88
50.1
78.16
20.81
64.64
22.91
8.48
13.83
67.05
69.95
39.69
66.36
91.44
78.5
90.91
75.75
60.9
89.67
73.81
18.13
79.7
72.77
75.96
64.95
61.55
51.53
28.45
59.33
84.58
81.09
63.74
65.11
43.06
19.64
49.39
33.23
16.06
25.52
41.62
93.63
89.0
28.12
27.38
27.28
3.4699999999999998
50.23
55.03
99.87
43.43
7.46
44.62
92.92
92.16
66.47
19.13
79.9
71.65
79.59
62.83
6.13
9.19
29.0
70.23
28.62
47.44
42.95
22.56
42.25
49.48
22.74
30.85
56.24
47.56
81.08
9.56
5.42
17.18
31.21
36.31
94.43
77.14
88.61
60.75
23.8
35.08
87.11
41.3
74.51
80.53
69.94
94.06
92.01
15.15
21.64
72.21
58.18
1.88
39.73
10.61
32.06
75.52
3.18
78.77
83.86
71.32
95.77
67.23
15.06
77.29
48.21
56.92
37.3
99.11
54.08
44.83
11.4
28.04
33.44
46.21
33.18
16.56
89.91
73.84
54.02
3.2
64.44
13.7
99.27
94.91
60.33
8.16
74.03
77.25
61.06
33.28
30.26
15.28
0.84
29.7
7.36
39.1
51.13
48.32
18.02
23.0
91.8
65.34
54.77
17.15
66.57
9.04
28.99
73.4
19.44
80.67
19.62
26.89
89.07
32.1
34.65
7.46
43.23
41.75
1.71
81.57
48.97
86.22
80.54
88.89
74.47
2.65
39.02
59.46
28.99
68.71
84.3
31.23
23.39
52.67
13.46
6.4
92.24
45.25
48.6
10.89
30.45
42.46
86.86
74.81
19.99
61.28
17.39
65.37
76.36
19.99
27.01
59.67
75.35
86.62
54.51
74.05
51.2
9.91
62.51
50.82
86.69
45.38
7.2
23.58
20.65
37.41
58.65
44.11
11.59
14.14
9.23
13.19
73.2
74.69
39.85
8.34
38.47
18.63
74.05
9.45
46.26
56.21
39.58
51.06
49.92
49.04
94.35
10.54
98.46
88.37
93.92
7.27
65.58
8.99
2.83
93.57
6.2
52.55
95.57
92.83
88.3
27.07
19.3
94.17
92.87
76.48
67.06
23.89
70.53
70.47
38.4
22.47
2.65
4.36
99.95
74.84
55.75
60.03
94.3
42.27
61.95
29.39
70.7
54.63
85.51
43.21
61.86
81.65
1.75
5.53
19.31
60.82
79.41
21.4
65.79
69.57
0.01
19.48
8.24
82.37
53.08
90.19
82.37
56.95
81.06
56.48
96.65
75.64
17.51
32.99
76.62
56.56
22.28
69.95
31.04
60.27
4.41
66.14
47.42
97.95
99.53
47.31
93.21
52.09
91.25
89.56
93.22
19.58
51.56
90.39
71.82
88.14
97.81
2.4699999999999998
13.99
39.91
91.13
13.95
15.94
28.69
96.78
21.38
84.82
63.99
30.0
68.2
84.05
99.44
6.93
3.11
99.28
96.97
4.49
99.75
86.83
80.15
30.2
82.24
19.53
61.39
84.72
73.76
6.06
51.57
18.54
1.04
19.28
19.64
87.98
41.88
7.65
93.53
61.16
50.24
65.6
15.02
84.56
88.27
48.21
87.62
29.41
77.24
62.35
72.14
93.32
3.59
16.93
25.47
29.5
32.79
36.53
73.41
7.93
2.15
7.19
10.35
10.74
65.76
97.31
26.18
53.88
12.06
5.19
21.73
0.4
17.1
83.94
40.35
88.47
3.9699999999999998
29.74
48.69
2.82
94.01
37.6
66.85
10.34
3.13
36.43
4.33
63.97
98.98
77.63
71.96
73.44
88.19
7.61
61.03
95.65
79.14
29.82
86.09
77.05
13.06
84.56
56.43
81.68
75.63
62.9
14.38
99.82
49.31
9.73
57.13
34.25
9.95
25.93
58.87
72.38
89.04
53.07
30.41
61.38
79.8
56.36
57.54
11.59
39.74
9.89
44.0
14.38
40.43
28.28
90.38
83.69
63.41
57.41
50.47
4.71
16.05
77.08
62.67
31.28
19.06
66.87
0.0
29.58
75.23
15.5
34.9
22.98
95.65
99.64
74.62
72.52
54.23
42.49
42.09
1.77
61.88
20.16
31.12
48.95
20.47
88.39
29.87
75.39
3.81
52.33
3.18
55.02
70.55
41.76
34.35
38.69
5.51
75.79
41.93
49.03
87.36
22.31
31.79
45.08
38.22
41.56
5.51
17.69
0.44
5.58
59.75
37.96
88.35
7.57
71.87
63.1
32.3
56.5
53.05
29.41
87.76
56.76
89.07
54.06
29.55
15.5
4.6
89.36
54.03
73.03
64.32
53.46
83.84
53.59
21.78
41.99
34.91
30.39
98.32
1.95
56.1
37.65
32.75
80.33
42.62
87.94
29.38
83.67
88.43
98.18
32.81
56.96
60.41
46.36
98.24
5.95
43.52
59.02
5.72
87.59
96.12
62.15
44.94
70.09
27.91
46.84
38.78
70.38
57.78
60.81
20.7
62.44
35.32
58.87
22.76
88.61
75.8
60.43
18.79
33.28
28.19
0.88
19.54
15.09
47.77
22.76
31.09
97.26
2.13
14.43
91.98
70.09
77.87
73.85
94.9
25.62
46.45
37.13
70.56
19.5
41.35
91.89
72.14
29.14
10.08
1.28
32.65
66.16
0.24
18.39
84.95
18.1
43.43
68.58
50.66
33.34
91.89
99.6
72.23
12.94
83.01
54.7
92.66
24.35
41.63
19.22
37.63
69.19
79.49
18.78
47.47
63.63
35.36
71.89
4.07
75.61
57.97
37.12
33.13
31.41
44.09
34.68
14.49
57.85
13.55
68.54
52.14
82.21
0.37
22.96
72.41
57.3
29.51
56.67
44.04
59.74
61.01
61.93
33.04
99.06
97.4
71.12
26.03
53.95
97.54
78.21
63.76
75.26
5.17
97.12
7.49
20.72
81.79
60.18
86.84
86.65
49.92
67.6
76.3
19.7
43.9
88.4
28.88
31.37
63.56
61.21
52.88
53.02
37.22
2.52
83.97
