98.66
67.88
98.35
56.63
59.22
9.71
68.89
60.22
36.86
77.59
77.07
60.89
29.92
46.46
22.53
65.17
45.28
17.02
15.84
66.32
38.26
82.99
88.94
69.79
56.99
84.11
13.21
74.52
43.52
45.12
41.07
60.95
49.56
54.52
32.16
33.7
23.17
80.55
79.1
42.86
55.65
7.24
53.92
59.01
24.18
61.0
15.13
94.37
81.87
39.77
7.32
45.42
18.03
67.38
52.3
10.21
91.1
24.08
60.69
30.38
95.58
27.96
99.29
83.87
93.39
28.51
51.89
14.68
47.95
96.07
19.82
61.4
64.47
41.08
18.86
83.92
61.46
20.46
9.62
71.77
27.43
79.28
81.04
64.48
99.97
9.53
31.78
54.75
60.83
85.24
98.77
64.38
43.31
44.34
27.28
41.55
44.39
80.99
17.02
18.2
88.11
90.26
57.12
59.35
10.1
28.95
90.3
50.25
7.65
70.04
85.14
5.25
26.87
60.39
63.54
49.92
52.77
58.71
65.75
83.38
27.65
71.31
98.91
96.24
49.62
24.83
6.08
20.34
52.2
59.8
60.4
38.26
31.65
12.29
36.03
68.04
68.26
83.07
30.83
88.92
46.94
67.83
55.48
84.88
52.12
4.91
18.89
33.29
17.37
35.43
77.39
13.7
59.82
94.69
81.68
68.56
89.49
28.88
76.88
23.85
43.9
9.72
62.96
59.65
2.17
19.01
59.49
90.61
46.85
77.77
52.06
23.7
24.68
24.24
31.61
62.96
42.69
71.59
30.87
41.17
79.79
44.55
48.29
39.29
38.13
84.24
83.81
84.15
17.42
57.02
28.5
50.07
49.15
7.6899999999999995
15.24
92.7
26.03
6.12
29.25
13.22
31.11
28.31
51.21
81.1
22.61
54.0
10.69
25.81
41.23
57.74
78.86
84.85
92.74
88.06
93.03
46.65
65.67
30.15
90.68
65.74
64.8
39.74
41.99
76.15
87.18
3.84
65.41
69.97
64.49
3.29
1.19
61.69
37.52
29.84
99.16
18.3
31.23
53.63
4.66
40.99
39.19
87.57
17.72
67.71
6.5600000000000005
78.57
24.69
60.58
95.68
57.14
85.27
47.74
7.8100000000000005
94.61
50.33
85.79
49.96
12.7
17.17
46.09
71.75
52.4
71.26
46.87
66.69
56.13
4.44
85.43
39.26
31.91
2.02
98.46
61.59
93.82
15.89
91.89
25.57
60.69
5.45
4.27
66.23
89.7
10.46
58.39
59.98
66.17
42.38
53.73
7.05
68.48
47.59
48.52
39.74
69.92
29.94
38.3
10.66
70.1
41.23
99.79
46.79
54.39
61.89
88.87
53.09
27.82
65.47
27.89
26.18
36.93
58.18
31.42
79.3
74.79
64.92
12.96
56.24
45.99
88.62
42.63
22.73
0.41
31.99
68.16
28.76
89.15
62.72
57.96
88.95
8.57
67.67
0.77
16.67
39.7
85.39
22.29
37.0
84.11
94.57
82.2
72.33
29.38
79.91
9.76
72.97
18.48
28.04
11.53
55.56
20.37
2.36
0.52
9.05
42.16
94.92
91.66
96.26
69.96
96.7
52.8
73.17
77.63
75.58
82.0
94.73
74.57
97.82
96.41
83.86
36.04
12.06
8.88
98.3
0.8
33.62
16.63
8.53
69.28
17.74
20.42
2.14
4.35
35.42
44.4
43.99
5.65
43.14
54.05
25.94
41.59
12.28
51.16
43.83
38.89
20.43
68.53
25.06
39.33
47.18
1.98
21.81
10.29
78.1
56.47
60.04
9.02
36.84
24.62
13.44
73.63
56.72
72.49
45.54
54.47
77.12
50.55
84.74
76.63
83.58
15.89
14.9
88.6
84.87
18.62
7.7
14.72
94.41
92.32
34.46
14.8
21.86
26.78
30.67
44.15
74.31
25.08
73.21
0.35
92.76
63.74
18.74
91.36
16.8
67.98
7.09
61.28
98.74
63.62
65.5
98.73
56.38
59.23
64.02
16.31
86.11
79.81
83.85
10.92
35.45
18.91
96.68
7.8
52.63
12.04
15.49
81.54
79.88
27.31
74.85
42.43
12.36
6.93
40.99
82.86
60.07
45.3
86.43
32.45
62.7
60.1
83.63
94.65
53.31
38.37
20.74
34.42
85.03
96.75
64.94
39.39
16.32
84.17
5.24
64.09
75.15
72.74
25.75
81.46
3.68
21.3
13.98
13.72
39.28
99.52
6.68
96.42
13.65
0.45
41.52
73.12
56.46
66.88
22.4
32.03
54.87
83.57
21.73
1.29
67.76
13.14
19.79
69.23
6.23
57.09
8.08
0.09
20.29
20.64
77.0
75.46
34.42
5.59
81.62
49.09
2.99
71.52
94.63
13.53
83.75
67.6
37.67
88.81
58.14
8.19
86.8
19.75
39.02
68.05
88.3
47.57
89.59
71.49
78.18
29.94
80.63
22.62
85.85
31.54
7.08
95.43
17.04
34.15
68.02
59.37
73.52
24.63
85.45
94.74
33.5
89.35
8.41
88.55
87.53
15.79
34.49
63.77
22.83
49.86
52.19
28.85
9.81
33.95
3.7199999999999998
95.84
79.32
13.03
29.82
17.29
62.77
35.06
90.23
37.27
10.8
38.37
74.54
36.88
76.55
36.76
20.43
90.47
6.0
60.63
52.03
39.3
68.68
10.06
28.19
61.64
53.27
51.99
48.89
37.73
96.8
70.84
56.52
76.39
96.74
46.84
41.82
84.62
5.97
67.6
86.94
29.15
74.49
19.43
7.27
73.84
41.5
69.61
5.08
90.72
76.64
34.34
41.07
21.34
6.23
56.99
54.26
23.18
39.58
76.95
90.22
32.59
80.61
76.09
76.06
25.59
9.67
28.55
4.11
82.63
73.19
11.13
62.47
74.51
80.75
60.06
89.33
52.98
86.95
27.49
82.57
10.77
34.24
87.38
26.07
32.26
44.6
67.13
55.6
77.51
60.62
61.29
14.97
72.16
34.64
82.66
96.15
61.82
75.94
16.79
2.49
31.97
10.0
33.15
36.9
2.81
14.04
0.51
93.38
73.92
84.42
50.06
19.78
5.82
54.65
49.99
22.74
77.26
12.37
17.19
17.66
90.25
34.77
24.2
33.4
92.36
11.34
78.49
26.94
40.83
77.32
58.93
22.12
15.12
71.69
61.32
45.99
74.74
2.61
48.79
42.19
55.86
13.02
75.04
4.57
46.09
45.86
14.47
15.72
11.62
26.56
60.89
18.95
89.91
65.0
58.72
68.89
12.2
38.55
55.48
82.4
37.48
30.36
32.75
72.03
2.38
9.0
4.43
75.91
25.56
79.65
76.2
21.26
90.59
98.34
34.84
61.83
5.01
31.5
25.54
54.02
35.51
11.67
84.55
92.02
69.61
69.17
91.97
92.15
26.89
44.56
60.83
2.18
12.03
51.92
68.98
84.3
62.95
40.61
67.17
43.85
95.87
81.16
98.05
9.24
12.16
96.79
96.92
54.51
56.83
62.72
51.26
87.37
42.11
19.8
18.14
64.18
61.74
36.2
38.4
71.89
2.7
90.95
16.58
41.76
90.99
75.09
1.11
24.11
15.08
72.14
4.19
96.94
61.85
81.39
60.26
47.89
27.82
17.43
44.15
38.15
38.41
90.04
11.88
55.76
25.05
52.46
25.67
54.47
85.91
93.07
43.57
83.18
84.7
74.39
69.25
9.46
89.62
9.11
64.37
46.79
86.1
79.25
26.2
6.53
48.6
71.4
70.98
79.52
22.77
38.45
98.3
14.3
27.52
73.2
32.76
37.36
70.2
78.21
35.11
72.46
7.06
3.87
64.7
80.32
52.82
29.78
70.67
61.29
44.56
7.67
1.6400000000000001
3.76
86.09
70.04
27.97
98.07
4.2
17.01
92.25
17.31
22.22
67.63
12.94
83.37
44.04
45.62
15.65
15.84
1.55
62.9
79.88
10.09
60.21
3.5300000000000002
6.34
86.77
98.87
32.35
3.32
2.99
78.86
9.34
52.94
75.33
6.5
63.31
57.94
36.43
42.96
53.85
99.95
35.0
37.0
42.42
62.47
31.25
53.66
73.87
81.16
30.46
55.51
94.04
92.32
76.25
52.22
0.28
23.16
56.47
19.28
64.01
36.12
86.45
18.41
69.81
64.35
81.4
70.93
75.66
38.09
78.7
81.44
32.85
85.77
78.93
81.06
28.46
2.19
45.19
75.5
78.43
92.04
35.52
64.24
95.49
36.05
37.05
29.63
77.81
77.17
45.16
65.98
23.99
61.93
88.96
14.85
18.35
27.19
20.28
13.48
31.36
10.51
86.63
4.0
9.78
87.0
65.81
94.09
40.47
52.61
69.25
1.6800000000000002
12.59
15.01
0.54
19.82
60.45
72.8
75.74
65.88
81.99
23.16
54.49
71.25
99.78
69.02
1.48
9.27
